200 8
0.500000 1.000000 1.000000 0.615385 1.000000 0.666667 1.000000 0.000000
0.500000 1.000000 1.000000 0.435897 0.210526 0.666667 1.000000 0.700000
0.000000 0.833333 0.714286 1.000000 0.684211 0.333333 0.500000 0.200000
0.500000 0.500000 0.571429 0.179487 0.789474 1.000000 1.000000 0.600000
0.500000 0.000000 0.000000 0.974359 0.894737 0.000000 0.500000 0.350000
0.500000 0.500000 0.714286 1.000000 0.315789 0.000000 1.000000 0.350000
0.500000 0.000000 0.000000 0.333333 0.473684 0.000000 0.000000 0.200000
0.500000 0.833333 0.857143 0.794872 0.315789 0.000000 0.500000 0.400000
0.500000 0.833333 0.857143 0.948718 0.000000 0.000000 0.000000 0.000000
0.500000 1.000000 1.000000 0.820513 0.947368 0.000000 0.500000 0.150000
0.500000 0.500000 0.571429 0.564103 0.789474 0.000000 1.000000 0.100000
0.500000 1.000000 1.000000 0.358974 0.947368 0.000000 1.000000 0.050000
0.500000 0.500000 0.571429 0.820513 0.157895 0.000000 0.500000 0.350000
0.500000 1.000000 1.000000 0.615385 0.894737 1.000000 0.500000 0.400000
0.500000 0.666667 0.714286 0.410256 0.052632 1.000000 1.000000 0.050000
1.000000 0.666667 0.714286 0.820513 0.000000 0.666667 0.000000 0.650000
0.500000 0.666667 0.714286 0.025641 0.736842 0.000000 0.500000 0.650000
0.500000 0.666667 0.714286 0.333333 0.210526 0.000000 0.500000 0.150000
0.500000 0.000000 0.000000 1.000000 1.000000 0.333333 1.000000 0.250000
0.500000 0.666667 0.714286 1.000000 0.526316 0.000000 0.500000 0.500000
0.500000 0.833333 0.857143 0.974359 0.473684 0.666667 0.500000 0.100000
0.500000 0.833333 0.857143 0.128205 0.052632 0.666667 0.500000 0.350000
0.500000 0.000000 0.000000 0.128205 0.105263 0.000000 0.000000 0.100000
0.500000 0.666667 0.714286 0.051282 0.578947 0.000000 0.500000 0.650000
0.500000 0.666667 0.714286 0.153846 1.000000 0.000000 1.000000 0.600000
0.500000 0.666667 0.714286 0.179487 0.210526 0.333333 0.500000 0.600000
0.500000 1.000000 1.000000 0.358974 0.210526 0.000000 0.000000 0.050000
0.500000 0.500000 0.571429 0.717949 0.263158 0.666667 0.500000 0.600000
0.500000 1.000000 1.000000 0.820513 0.421053 0.000000 0.500000 0.900000
0.500000 0.500000 0.571429 0.743590 0.052632 0.000000 0.000000 0.250000
0.500000 0.666667 0.714286 0.974359 0.578947 1.000000 0.000000 0.750000
0.500000 0.666667 0.714286 0.666667 0.105263 0.333333 0.000000 0.050000
0.000000 1.000000 1.000000 0.564103 1.000000 0.333333 1.000000 0.350000
0.500000 0.666667 1.000000 0.717949 0.578947 1.000000 0.500000 0.800000
0.500000 0.500000 0.571429 0.948718 0.842105 0.333333 0.000000 0.050000
0.500000 0.833333 0.857143 0.820513 0.473684 0.333333 1.000000 0.450000
1.000000 0.500000 0.571429 0.923077 0.684211 0.000000 0.500000 0.750000
1.000000 0.666667 1.000000 0.666667 0.842105 0.000000 1.000000 0.250000
0.500000 1.000000 1.000000 0.820513 0.894737 1.000000 0.500000 0.050000
0.500000 0.000000 0.000000 0.076923 0.947368 0.000000 1.000000 0.050000
0.500000 1.000000 1.000000 0.538462 0.842105 0.000000 0.500000 0.600000
0.500000 0.000000 0.000000 0.025641 0.684211 0.333333 0.000000 0.700000
0.500000 0.833333 0.857143 0.230769 0.421053 0.666667 0.500000 0.050000
0.500000 0.500000 0.571429 0.102564 0.368421 0.000000 1.000000 0.300000
0.500000 0.500000 0.571429 0.230769 0.052632 0.666667 1.000000 0.100000
0.500000 0.000000 0.714286 0.820513 0.631579 0.000000 0.500000 0.350000
0.500000 0.500000 0.571429 0.564103 0.315789 0.000000 0.000000 0.650000
0.500000 1.000000 1.000000 0.307692 0.421053 1.000000 0.000000 0.300000
0.500000 0.666667 0.714286 0.769231 0.526316 1.000000 0.500000 1.000000
0.500000 0.000000 0.000000 0.897436 0.684211 1.000000 0.500000 0.300000
0.500000 0.500000 0.714286 0.589744 0.157895 0.666667 1.000000 0.000000
0.500000 0.000000 0.000000 0.358974 0.631579 0.000000 0.000000 0.800000
0.500000 0.000000 0.000000 0.717949 0.052632 0.000000 0.500000 0.400000
0.500000 0.666667 0.714286 0.179487 0.210526 0.000000 0.000000 1.000000
0.500000 1.000000 1.000000 0.102564 0.526316 0.000000 0.500000 0.600000
0.500000 0.000000 0.000000 0.717949 0.263158 0.666667 0.500000 1.000000
0.500000 0.500000 0.571429 0.564103 0.894737 1.000000 0.000000 0.900000
0.500000 0.833333 0.857143 0.282051 0.473684 0.333333 0.500000 1.000000
0.500000 0.666667 0.000000 0.025641 0.157895 0.666667 0.500000 0.900000
0.500000 0.000000 0.000000 0.666667 0.421053 1.000000 1.000000 0.800000
0.500000 0.666667 0.714286 0.769231 0.263158 0.666667 0.500000 0.450000
0.500000 1.000000 1.000000 0.564103 0.052632 0.333333 0.500000 0.450000
0.500000 0.833333 0.857143 0.897436 0.842105 1.000000 0.500000 0.150000
0.500000 0.500000 0.571429 0.641026 0.210526 0.666667 0.500000 0.350000
0.500000 0.833333 0.857143 0.666667 0.263158 0.333333 0.000000 0.950000
0.500000 0.500000 0.571429 0.102564 0.578947 0.000000 1.000000 0.950000
0.500000 1.000000 1.000000 0.487179 0.473684 0.333333 1.000000 0.850000
0.500000 0.500000 0.571429 0.256410 0.263158 0.000000 0.000000 0.650000
0.500000 0.666667 0.714286 0.230769 0.368421 0.666667 1.000000 0.850000
0.500000 0.666667 0.714286 1.000000 0.052632 1.000000 0.000000 0.650000
0.500000 0.666667 0.714286 0.564103 0.578947 1.000000 0.500000 0.950000
1.000000 0.666667 0.714286 0.128205 0.631579 0.666667 0.000000 1.000000
0.500000 0.833333 0.857143 0.179487 0.315789 1.000000 0.500000 0.700000
0.500000 1.000000 1.000000 0.564103 0.473684 1.000000 1.000000 0.150000
0.500000 0.500000 0.714286 0.641026 0.631579 0.000000 1.000000 0.600000
0.500000 0.666667 0.571429 0.282051 0.842105 0.000000 1.000000 0.350000
0.500000 0.666667 0.714286 0.641026 0.684211 0.333333 1.000000 0.850000
0.500000 0.666667 0.714286 0.307692 0.052632 0.000000 0.500000 0.550000
0.500000 0.000000 0.000000 1.000000 0.526316 0.666667 1.000000 0.650000
0.500000 0.666667 1.000000 0.435897 0.000000 0.000000 0.500000 0.050000
0.500000 0.833333 0.857143 0.615385 0.947368 0.333333 0.500000 0.850000
0.000000 0.500000 0.571429 0.564103 0.157895 0.333333 0.500000 0.050000
0.500000 0.000000 0.000000 1.000000 0.947368 0.666667 0.500000 0.500000
0.500000 0.000000 0.000000 0.282051 0.526316 0.333333 0.000000 0.400000
0.500000 0.500000 0.571429 0.897436 0.368421 0.000000 0.000000 0.550000
0.500000 0.833333 0.857143 0.076923 0.526316 0.333333 1.000000 0.800000
0.500000 0.000000 0.000000 0.102564 0.157895 0.000000 0.000000 0.700000
0.500000 0.000000 0.000000 0.923077 0.842105 0.000000 0.000000 0.800000
0.500000 1.000000 1.000000 0.179487 0.315789 0.333333 0.500000 0.850000
1.000000 0.833333 0.857143 0.692308 0.368421 0.666667 1.000000 0.250000
0.500000 0.000000 0.000000 0.769231 0.105263 1.000000 1.000000 0.800000
0.500000 0.833333 0.857143 0.205128 0.052632 0.000000 0.000000 0.850000
0.500000 0.500000 0.571429 0.717949 0.736842 0.000000 0.000000 0.350000
0.500000 0.666667 0.714286 0.333333 0.210526 0.000000 1.000000 0.400000
1.000000 0.000000 0.000000 1.000000 0.000000 0.000000 0.500000 0.250000
0.000000 0.666667 1.000000 0.538462 0.157895 0.000000 1.000000 0.200000
0.500000 0.500000 0.571429 0.256410 0.736842 0.666667 0.500000 0.550000
0.500000 0.666667 0.714286 0.564103 1.000000 0.000000 0.500000 0.500000
0.500000 0.666667 0.571429 0.000000 0.947368 0.000000 1.000000 0.000000
0.500000 0.000000 0.000000 0.564103 0.105263 0.666667 1.000000 0.500000
1.000000 0.833333 0.857143 0.512821 1.000000 1.000000 1.000000 0.900000
0.500000 0.666667 0.714286 0.564103 0.526316 0.333333 0.000000 0.400000
0.500000 0.500000 0.571429 0.897436 0.842105 0.000000 0.500000 0.050000
1.000000 0.000000 0.714286 0.564103 0.631579 0.000000 0.000000 0.550000
0.500000 1.000000 1.000000 0.000000 0.526316 0.666667 0.000000 0.150000
0.500000 0.833333 0.857143 0.564103 0.052632 0.333333 1.000000 0.150000
0.500000 0.500000 0.571429 0.358974 0.421053 0.666667 0.000000 0.850000
0.500000 0.500000 0.571429 0.564103 0.052632 0.333333 1.000000 0.700000
0.500000 0.666667 0.714286 0.205128 0.421053 0.333333 0.500000 0.900000
0.500000 0.666667 0.714286 0.205128 0.421053 0.333333 1.000000 0.600000
0.500000 1.000000 1.000000 0.230769 0.368421 0.000000 0.500000 0.900000
0.000000 1.000000 1.000000 0.641026 0.842105 1.000000 0.000000 0.800000
0.500000 0.000000 0.000000 0.871795 0.000000 0.666667 1.000000 0.250000
1.000000 0.666667 0.000000 0.615385 0.526316 0.000000 1.000000 0.750000
0.500000 1.000000 1.000000 0.641026 0.368421 0.666667 0.000000 0.550000
0.500000 0.666667 1.000000 0.256410 0.473684 0.333333 0.500000 0.900000
0.500000 0.833333 0.857143 0.948718 0.315789 0.000000 0.500000 0.200000
0.500000 0.666667 0.714286 0.025641 0.105263 1.000000 1.000000 0.800000
0.500000 0.000000 0.714286 0.153846 0.105263 0.000000 0.500000 0.000000
0.500000 0.666667 0.714286 0.435897 0.894737 0.666667 0.000000 0.450000
0.500000 0.666667 0.714286 0.666667 0.210526 0.000000 1.000000 0.700000
0.500000 1.000000 1.000000 0.846154 0.578947 0.000000 0.000000 1.000000
0.500000 0.833333 0.857143 0.564103 0.578947 1.000000 0.000000 1.000000
1.000000 0.500000 0.571429 0.410256 0.947368 0.333333 0.500000 0.500000
0.500000 0.833333 0.857143 0.589744 0.263158 0.000000 1.000000 0.600000
0.500000 0.833333 0.857143 0.615385 0.052632 0.333333 1.000000 0.200000
0.500000 0.666667 0.714286 0.153846 0.578947 0.666667 0.500000 0.000000
0.500000 0.666667 0.857143 0.128205 0.947368 0.000000 0.000000 0.550000
0.500000 0.000000 0.714286 0.564103 0.210526 1.000000 0.000000 0.500000
0.500000 0.666667 0.714286 0.820513 0.578947 0.666667 0.000000 0.800000
0.500000 0.000000 0.000000 0.717949 0.842105 0.666667 0.000000 0.150000
0.500000 0.500000 0.571429 0.538462 0.842105 1.000000 1.000000 0.700000
0.500000 0.666667 0.714286 0.641026 0.473684 0.000000 1.000000 0.400000
0.500000 0.500000 0.571429 0.692308 0.842105 0.000000 0.500000 1.000000
0.500000 0.666667 0.714286 0.512821 0.736842 0.666667 0.500000 0.950000
0.500000 1.000000 1.000000 0.153846 0.578947 0.000000 0.500000 0.900000
0.500000 0.833333 0.857143 0.410256 0.789474 0.333333 1.000000 0.900000
0.500000 0.666667 1.000000 0.487179 0.947368 1.000000 0.000000 0.550000
0.500000 0.500000 0.571429 0.564103 0.368421 0.333333 0.000000 0.200000
0.000000 0.833333 0.857143 0.538462 0.842105 0.000000 0.500000 0.450000
0.000000 0.666667 0.714286 0.692308 0.210526 0.666667 0.500000 0.800000
0.500000 0.833333 0.857143 1.000000 0.789474 1.000000 0.500000 0.200000
0.500000 0.000000 0.000000 0.153846 0.263158 0.000000 1.000000 0.750000
1.000000 0.833333 0.714286 0.000000 0.368421 0.000000 0.000000 0.300000
0.500000 0.000000 0.000000 0.794872 0.894737 0.666667 0.500000 0.400000
0.500000 0.833333 0.857143 0.307692 0.578947 0.666667 0.500000 0.100000
0.500000 0.000000 0.000000 0.564103 0.736842 0.333333 1.000000 0.700000
1.000000 0.500000 0.571429 0.564103 0.421053 1.000000 0.000000 0.750000
0.500000 1.000000 1.000000 0.461538 0.631579 1.000000 0.500000 0.850000
0.500000 0.666667 0.714286 0.794872 0.736842 0.666667 0.000000 0.650000
0.500000 0.833333 0.857143 0.743590 0.473684 0.000000 0.500000 0.100000
0.500000 1.000000 1.000000 0.564103 0.789474 1.000000 0.000000 0.550000
0.500000 0.666667 0.714286 0.717949 0.315789 0.666667 1.000000 0.400000
0.500000 0.666667 0.714286 0.743590 0.842105 0.000000 0.500000 0.300000
0.500000 0.000000 0.000000 0.384615 0.315789 1.000000 0.500000 0.400000
0.500000 0.666667 0.571429 1.000000 0.684211 0.333333 0.000000 0.600000
1.000000 0.500000 0.571429 0.461538 0.736842 0.333333 0.500000 0.850000
1.000000 1.000000 1.000000 0.435897 0.315789 0.333333 0.500000 0.200000
0.500000 0.500000 0.571429 0.564103 0.421053 0.000000 1.000000 0.600000
0.500000 0.833333 0.857143 0.333333 0.947368 1.000000 0.000000 0.150000
0.500000 0.666667 0.571429 0.564103 0.789474 1.000000 0.000000 0.050000
0.500000 1.000000 1.000000 0.692308 0.368421 0.000000 0.000000 0.750000
0.500000 0.500000 0.571429 0.743590 0.894737 1.000000 0.500000 0.400000
0.500000 0.833333 0.857143 0.948718 0.894737 0.000000 0.500000 0.400000
0.500000 0.000000 0.000000 0.076923 1.000000 0.000000 0.500000 0.250000
1.000000 1.000000 1.000000 0.000000 0.315789 0.000000 0.500000 0.500000
0.500000 0.000000 0.000000 0.179487 0.105263 0.333333 1.000000 0.000000
0.500000 0.000000 0.000000 0.717949 0.894737 0.000000 0.500000 0.150000
0.500000 0.000000 0.000000 0.974359 0.473684 0.000000 0.500000 0.600000
0.500000 0.666667 0.714286 0.051282 0.315789 1.000000 1.000000 0.600000
0.500000 0.666667 0.714286 0.794872 0.842105 0.333333 0.000000 0.600000
0.500000 0.000000 0.000000 0.230769 0.684211 0.000000 0.000000 0.050000
0.500000 0.666667 1.000000 0.230769 0.105263 0.666667 0.000000 0.400000
0.500000 0.833333 0.857143 0.461538 0.578947 0.333333 0.500000 0.350000
0.500000 0.833333 0.857143 0.846154 0.631579 0.666667 0.000000 0.300000
0.500000 0.666667 0.571429 0.820513 0.052632 1.000000 1.000000 0.150000
0.500000 1.000000 1.000000 0.564103 0.105263 1.000000 0.500000 0.850000
0.500000 0.666667 0.714286 0.692308 0.210526 0.333333 1.000000 0.100000
0.500000 0.000000 0.000000 0.794872 0.526316 1.000000 0.000000 0.250000
0.500000 0.500000 0.571429 0.153846 0.368421 0.666667 0.000000 0.550000
0.500000 0.833333 0.857143 0.717949 0.578947 0.000000 0.000000 0.550000
0.500000 0.666667 0.714286 0.179487 0.315789 0.000000 0.500000 1.000000
0.500000 0.666667 0.714286 0.000000 0.736842 0.000000 1.000000 0.350000
0.500000 0.000000 0.000000 0.051282 0.842105 0.333333 0.500000 0.000000
0.500000 0.833333 0.857143 0.564103 0.157895 1.000000 0.500000 0.150000
0.500000 1.000000 1.000000 0.564103 0.631579 0.666667 0.000000 1.000000
0.500000 0.666667 0.714286 0.179487 0.894737 1.000000 0.500000 0.500000
0.500000 0.000000 0.000000 0.923077 0.000000 1.000000 0.500000 0.100000
0.000000 1.000000 1.000000 0.051282 0.789474 1.000000 0.000000 0.600000
0.500000 0.833333 0.857143 0.820513 0.631579 0.000000 0.500000 0.800000
0.500000 0.666667 0.714286 0.692308 0.473684 0.000000 0.000000 0.450000
0.500000 0.666667 1.000000 0.179487 0.578947 0.666667 0.000000 1.000000
0.500000 1.000000 0.714286 0.564103 0.052632 1.000000 0.000000 0.550000
0.500000 1.000000 1.000000 0.871795 0.105263 0.000000 0.000000 0.700000
0.500000 0.666667 0.714286 0.794872 0.473684 0.000000 0.500000 1.000000
0.500000 0.666667 0.714286 0.589744 0.052632 0.666667 0.000000 0.450000
0.500000 0.666667 0.571429 0.333333 0.631579 0.000000 0.500000 0.650000
0.500000 0.833333 0.857143 0.564103 0.631579 0.000000 0.500000 0.600000
0.500000 0.000000 0.000000 0.384615 0.894737 0.000000 0.500000 0.200000
0.500000 1.000000 1.000000 0.076923 0.105263 0.333333 0.500000 0.250000
